16777220 16777220 16777220 16777220 16777220 16777220 16777220 16777220 16777220 16777220 16777220 16777220 16777220 16777220 16777220 16777220 16777220 16777220 16777220 16777220 16777220 16777220 16777220 16777220 16777220 16777220 16777220 16777220 16777220 16777220 16777220 16777220 16777220 16777220 16777220 16777220 16777220 16777220 16777220 16777220
16777219 16777219 16777219 16777219 16777219 16777219 16777219 16777219 16777219 16777219 16777219 16777219 16777219 16777219 16777219 16777219 16777219 16777219 16777219 16777219 16777219 16777219 16777219 16777219 16777219 16777219 16777219 16777219 16777219 16777219 16777219 16777219 16777219 16777219 16777219 16777219 16777219 16777219 16777219 16777219
16777220 16777220 16777220 16777220 16777220 16777220 16777220 16777220 16777220 16777220 16777220 16777220 16777220 16777220 16777220 16777220 16777220 16777220 16777220 16777220 16777220 16777220 16777220 16777220 16777220 16777220 16777220 16777220 16777220 16777220 16777220 16777220 16777220 16777220 16777220 16777220 16777220 16777220 16777220 16777220
16777219 16777219 16777219 16777219 16777219 16777219 16777219 16777219 16777219 16777219 16777219 16777219 16777219 16777219 16777219 16777219 16777219 16777219 16777219 16777219 16777219 16777219 16777219 16777219 16777219 16777219 16777219 16777219 16777219 16777219 16777219 16777219 16777219 16777219 16777219 16777219 16777219 16777219 16777219 16777219
16777220 16777220 16777220 16777220 16777220 16777220 16777220 16777220 16777220 16777220 16777220 16777220 16777220 16777220 16777220 16777220 16777220 16777220 16777220 16777220 16777220 16777220 16777220 16777220 16777220 16777220 16777220 16777220 16777220 16777220 16777220 16777220 16777220 16777220 16777220 16777220 16777220 16777220 16777220 16777220
16777219 16777219 16777219 16777219 16777219 16777219 16777219 16777219 16777219 16777219 16777219 16777219 16777219 16777219 16777219 16777219 16777219 16777219 16777219 16777219 16777219 16777219 16777219 16777219 16777219 16777219 16777219 16777219 16777219 16777219 16777219 16777219 16777219 16777219 16777219 16777219 16777219 16777219 16777219 16777219
16777220 16777220 16777220 16777220 16777220 16777220 16777220 16777220 16777220 16777220 16777220 16777220 16777220 16777220 16777220 16777220 16777220 16777220 16777220 16777220 16777220 16777220 16777220 16777220 16777220 16777220 16777220 16777220 16777220 16777220 16777220 16777220 16777220 16777220 16777220 16777220 16777220 16777220 16777220 16777220
16777219 16777219 16777219 16777219 16777219 16777219 16777219 16777219 16777219 16777219 16777219 16777219 16777219 16777219 16777219 16777219 16777219 16777219 16777219 16777219 16777219 16777219 16777219 16777219 16777219 16777219 16777219 16777219 16777219 16777219 16777219 16777219 16777219 16777219 16777219 16777219 16777219 16777219 16777219 16777219
16777220 16777220 16777220 16777220 16777220 16777220 16777220 16777220 16777220 16777220 16777220 16777220 16777220 16777220 16777220 16777220 16777220 16777220 16777220 16777220 16777220 16777220 16777220 16777220 16777220 16777220 16777220 16777220 16777220 16777220 16777220 16777220 16777220 16777220 16777220 16777220 16777220 16777220 16777220 16777220
16777219 16777219 16777219 16777219 16777219 16777219 16777219 16777219 16777219 16777219 16777219 16777219 16777219 16777219 16777219 16777219 16777219 16777219 16777219 16777219 16777219 16777219 16777219 16777219 16777219 16777219 16777219 16777219 16777219 16777219 16777219 16777219 16777219 16777219 16777219 16777219 16777219 16777219 16777219 16777219
16777220 16777220 16777220 16777220 16777220 16777220 16777220 16777220 16777220 16777220 16777220 16777220 16777220 16777220 16777220 16777220 16777220 16777220 16777220 16777220 16777220 16777220 16777220 16777220 16777220 16777220 16777220 16777220 16777220 16777220 16777220 16777220 16777220 16777220 16777220 16777220 16777220 16777220 16777220 16777220
16777219 16777219 16777219 16777219 16777219 16777219 16777219 16777219 16777219 16777219 16777219 16777219 16777219 16777219 16777219 16777219 16777219 16777219 16777219 16777219 16777219 16777219 16777219 16777219 16777219 16777219 16777219 16777219 16777219 16777219 16777219 16777219 16777219 16777219 16777219 16777219 16777219 16777219 16777219 16777219
16777220 16777220 16777220 16777220 16777220 16777220 16777220 16777220 16777220 16777220 16777220 16777220 16777220 16777220 16777220 16777220 16777220 16777220 16777220 16777220 16777220 16777220 16777220 16777220 16777220 16777220 16777220 16777220 16777220 16777220 16777220 16777220 16777220 16777220 16777220 16777220 16777220 16777220 16777220 16777220
16777219 16777219 16777219 16777219 16777219 16777219 16777219 16777219 16777219 16777219 16777219 16777219 16777219 16777219 16777219 16777219 16777219 16777219 16777219 16777219 16777219 16777219 16777219 16777219 16777219 16777219 16777219 16777219 16777219 16777219 16777219 16777219 16777219 16777219 16777219 16777219 16777219 16777219 16777219 16777219
16777220 16777220 16777220 16777220 16777220 16777220 16777220 16777220 16777220 16777220 16777220 16777220 16777220 16777220 16777220 16777220 16777220 16777220 16777220 16777220 16777220 16777220 16777220 16777220 16777220 16777220 16777220 16777220 16777220 16777220 16777220 16777220 16777220 16777220 16777220 16777220 16777220 16777220 16777220 16777220
16777219 16777219 16777219 16777219 16777219 16777219 16777219 16777219 16777219 16777219 16777219 16777219 16777219 16777219 16777219 16777219 16777219 16777219 16777219 16777219 16777219 16777219 16777219 16777219 16777219 16777219 16777219 16777219 16777219 16777219 16777219 16777219 16777219 16777219 16777219 16777219 16777219 16777219 16777219 16777219
16777220 16777220 16777220 16777220 16777220 16777220 16777220 16777220 16777220 16777220 16777220 16777220 16777220 16777220 16777220 16777220 16777220 16777220 16777220 16777220 16777220 16777220 16777220 16777220 16777220 16777220 16777220 16777220 16777220 16777220 16777220 16777220 16777220 16777220 16777220 16777220 16777220 16777220 16777220 16777220
16777219 16777219 16777219 16777219 16777219 16777219 16777219 16777219 16777219 16777219 16777219 16777219 16777219 16777219 16777219 16777219 16777219 16777219 16777219 16777219 16777219 16777219 16777219 16777219 16777219 16777219 16777219 16777219 16777219 16777219 16777219 16777219 16777219 16777219 16777219 16777219 16777219 16777219 16777219 16777219
16777220 16777220 16777220 16777220 16777220 16777220 16777220 16777220 16777220 16777220 16777220 16777220 16777220 16777220 16777220 16777220 16777220 16777220 16777220 16777220 16777220 16777220 16777220 16777220 16777220 16777220 16777220 16777220 16777220 16777220 16777220 16777220 16777220 16777220 16777220 16777220 16777220 16777220 16777220 16777220
16777219 16777219 16777219 16777219 16777219 16777219 16777219 16777219 16777219 16777219 16777219 16777219 16777219 16777219 16777219 16777219 16777219 16777219 16777219 16777219 16777219 16777219 16777219 16777219 16777219 16777219 16777219 16777219 16777219 16777219 16777219 16777219 16777219 16777219 16777219 16777219 16777219 16777219 16777219 16777219
16777220 16777220 16777220 16777220 16777220 16777220 16777220 16777220 16777220 16777220 16777220 16777220 16777220 16777220 16777220 16777220 16777220 16777220 16777220 16777220 16777220 16777220 16777220 16777220 16777220 16777220 16777220 16777220 16777220 16777220 16777220 16777220 16777220 16777220 16777220 16777220 16777220 16777220 16777220 16777220
16777219 16777219 16777219 16777219 16777219 16777219 16777219 16777219 16777219 16777219 16777219 16777219 16777219 16777219 16777219 16777219 16777219 16777219 16777219 16777219 16777219 16777219 16777219 16777219 16777219 16777219 16777219 16777219 16777219 16777219 16777219 16777219 16777219 16777219 16777219 16777219 16777219 16777219 16777219 16777219
16777220 16777220 16777220 16777220 16777220 16777220 16777220 16777220 16777220 16777220 16777220 16777220 16777220 16777220 16777220 16777220 16777220 16777220 16777220 16777220 16777220 16777220 16777220 16777220 16777220 16777220 16777220 16777220 16777220 16777220 16777220 16777220 16777220 16777220 16777220 16777220 16777220 16777220 16777220 16777220
16777219 16777219 16777219 16777219 16777219 16777219 16777219 16777219 16777219 16777219 16777219 16777219 16777219 16777219 16777219 16777219 16777219 16777219 16777219 16777219 16777219 16777219 16777219 16777219 16777219 16777219 16777219 16777219 16777219 16777219 16777219 16777219 16777219 16777219 16777219 16777219 16777219 16777219 16777219 16777219
16777220 16777220 16777220 16777220 16777220 16777220 16777220 16777220 16777220 16777220 16777220 16777220 16777220 16777220 16777220 16777220 16777220 16777220 16777220 16777220 16777220 16777220 16777220 16777220 16777220 16777220 16777220 16777220 16777220 16777220 16777220 16777220 16777220 16777220 16777220 16777220 16777220 16777220 16777220 16777220
16777219 16777219 16777219 16777219 16777219 16777219 16777219 16777219 16777219 16777219 16777219 16777219 16777219 16777219 16777219 16777219 16777219 16777219 16777219 16777219 16777219 16777219 16777219 16777219 16777219 16777219 16777219 16777219 16777219 16777219 16777219 16777219 16777219 16777219 16777219 16777219 16777219 16777219 16777219 16777219
16777220 16777220 16777220 16777220 16777220 16777220 16777220 16777220 16777220 16777220 16777220 16777220 16777220 16777220 16777220 16777220 16777220 16777220 16777220 16777220 16777220 16777220 16777220 16777220 16777220 16777220 16777220 16777220 16777220 16777220 16777220 16777220 16777220 16777220 16777220 16777220 16777220 16777220 16777220 16777220
16777219 16777219 16777219 16777219 16777219 16777219 16777219 16777219 16777219 16777219 16777219 16777219 16777219 16777219 16777219 16777219 16777219 16777219 16777219 16777219 16777219 16777219 16777219 16777219 16777219 16777219 16777219 16777219 16777219 16777219 16777219 16777219 16777219 16777219 16777219 16777219 16777219 16777219 16777219 16777219
16777220 16777220 16777220 16777220 16777220 16777220 16777220 16777220 16777220 16777220 16777220 16777220 16777220 16777220 16777220 16777220 16777220 16777220 16777220 16777220 16777220 16777220 16777220 16777220 16777220 16777220 16777220 16777220 16777220 16777220 16777220 16777220 16777220 16777220 16777220 16777220 16777220 16777220 16777220 16777220
16777219 16777219 16777219 16777219 16777219 16777219 16777219 16777219 16777219 16777219 16777219 16777219 16777219 16777219 16777219 16777219 16777219 16777219 16777219 16777219 16777219 16777219 16777219 16777219 16777219 16777219 16777219 16777219 16777219 16777219 16777219 16777219 16777219 16777219 16777219 16777219 16777219 16777219 16777219 16777219
