16777219 16777219 16777219 16777219 16777219 16777219 16777219 16777219 16777219 16777219 16777219 16777219 16777219 16777219 16777219 16777219 16777219 16777219 16777219 16777219 16777219 16777219 16777219 16777219 16777219 16777219 16777219 16777219 16777219 16777219 16777219 16777219 16777219 16777219 16777219 16777219 16777219 16777219 16777219 16777219
16777219 16777219 16777219 16777219 16777219 16777219 16777219 16777219 16777219 16777219 16777219 16777219 16777219 16777219 16777219 16777219 16777219 16777219 16777219 16777219 16777219 16777219 16777219 16777219 16777219 16777219 16777219 16777219 16777219 16777219 16777219 16777219 16777219 16777219 16777219 16777219 16777219 16777219 16777219 16777219
16777219 16777219 16777219 16777219 16777219 16777219 16777219 16777219 16777219 16777219 16777219 16777219 16777219 16777219 16777219 16777219 16777219 16777219 16777219 16777219 16777219 16777219 16777219 16777219 16777219 16777219 16777219 16777219 16777219 16777219 16777219 16777219 16777219 16777219 16777219 16777219 16777219 16777219 16777219 16777219
16777219 16777219 16777219 16777219 16777219 16777219 16777219 16777219 16777219 16777219 16777219 16777219 16777219 16777219 16777219 16777219 16777219 16777219 16777219 16777219 16777219 16777219 16777219 16777219 16777219 16777219 16777219 16777219 16777219 16777219 16777219 16777219 16777219 16777219 16777219 16777219 16777219 16777219 16777219 16777219
16777219 16777217 16777217 16777217 16777217 16777217 16777217 16777217 16777217 16777217 16777217 16777217 16777217 16777217 16777217 16777217 16777217 16777217 16777217 16777217 16777217 16777217 16777217 16777217 16777217 16777217 16777217 16777217 16777217 16777217 16777217 16777217 16777217 16777217 16777217 16777217 16777217 16777217 16777217 16777217
16777219 16777217 16777217 16777217 16777217 16777217 16777217 16777217 16777217 16777217 16777217 16777217 16777217 16777217 16777217 16777217 16777217 16777217 16777217 16777217 16777217 16777217 16777217 16777217 16777217 16777217 16777217 16777217 16777217 16777217 16777217 16777217 16777217 16777217 16777217 16777217 16777217 16777217 16777217 16777217
16777219 16777217 16777217 16777217 16777217 16777217 16777217 16777217 16777217 16777217 16777217 16777217 16777217 16777217 16777217 16777217 16777217 16777217 16777217 16777217 16777217 16777217 16777217 16777217 16777217 16777217 16777217 16777217 16777217 16777217 16777217 16777217 16777217 16777217 16777217 16777217 16777217 16777217 16777217 16777217
16777219 16777217 16777217 16777217 16777217 16777217 16777217 16777217 16777217 16777217 16777217 16777217 16777217 16777217 16777217 16777217 16777217 16777217 16777217 16777217 16777217 16777217 16777217 16777217 16777217 16777217 16777217 16777217 16777217 16777217 16777217 16777217 16777217 16777217 16777217 16777217 16777217 16777217 16777217 16777217
16777219 16777217 16777217 16777217 16777217 16777217 16777217 16777217 16777217 16777217 16777217 16777217 16777217 16777217 16777217 16777217 16777217 16777217 16777217 16777217 16777217 16777217 16777217 16777217 16777217 16777217 16777217 16777217 16777217 16777217 16777217 16777217 16777217 16777217 16777217 16777217 16777217 16777217 16777217 16777217
16777219 16777217 16777217 16777217 16777217 16777217 16777217 16777217 16777217 16777217 16777217 16777217 16777217 16777217 16777217 16777217 16777217 16777217 16777217 16777217 16777217 16777217 16777217 16777217 16777217 16777217 16777217 16777217 16777217 16777217 16777217 16777217 16777217 16777217 16777217 16777217 16777217 16777217 16777217 16777217
16777219 16777217 16777217 16777217 16777217 16777217 16777217 16777217 16777217 16777217 16777217 16777217 16777217 16777217 16777217 16777217 16777217 16777217 16777217 16777217 16777217 16777217 16777217 16777217 16777217 16777217 16777217 16777217 16777217 16777217 16777217 16777217 16777217 16777217 16777217 16777217 16777217 16777217 16777217 16777217
16777219 16777217 16777217 16777217 16777217 16777217 16777217 16777217 16777217 16777217 16777217 16777217 16777217 16777217 16777217 16777217 16777217 16777217 16777217 16777217 16777217 16777217 16777217 16777217 16777217 16777217 16777217 16777217 16777217 16777217 16777217 16777217 16777217 16777217 16777217 16777217 16777217 16777217 16777217 16777217
16777219 16777217 16777217 16777217 16777217 16777217 16777217 16777217 16777217 16777217 16777217 16777217 16777217 16777217 16777217 16777217 16777217 16777217 16777217 16777217 16777217 16777217 16777217 16777217 16777217 16777217 16777217 16777217 16777217 16777217 16777217 16777217 16777217 16777217 16777217 16777217 16777217 16777217 16777217 16777217
16777219 16777217 16777217 16777217 16777217 16777217 16777217 16777217 16777217 16777217 16777217 16777217 16777217 16777217 16777217 16777217 16777217 16777217 16777217 16777217 16777217 16777217 16777217 16777217 16777217 16777217 16777217 16777217 16777217 16777217 16777217 16777217 16777217 16777217 16777217 16777217 16777217 16777217 16777217 16777217
16777219 16777217 16777217 16777217 16777217 16777217 16777217 16777217 16777217 16777217 16777217 16777217 16777217 16777217 16777217 16777217 16777217 16777217 16777217 16777217 16777217 16777217 16777217 16777217 16777217 16777217 16777217 16777217 16777217 16777217 16777217 16777217 16777217 16777217 16777217 16777217 16777217 16777217 16777217 16777217
16777219 16777217 16777217 16777217 16777217 16777217 16777217 16777217 16777217 16777217 16777217 16777217 16777217 16777217 16777217 16777217 16777217 16777217 16777217 16777217 16777217 16777217 16777217 16777217 16777217 16777217 16777217 16777217 16777217 16777217 16777217 16777217 16777217 16777217 16777217 16777217 16777217 16777217 16777217 16777217
16777219 16777217 16777217 16777217 16777217 16777217 16777217 16777217 16777217 16777217 16777217 16777217 16777217 16777217 16777217 16777217 16777217 16777217 16777217 16777217 16777217 16777217 16777217 16777217 16777217 16777217 16777217 16777217 16777217 16777217 16777217 16777217 16777217 16777217 16777217 16777217 16777217 16777217 16777217 16777217
16777219 16777217 16777217 16777217 16777217 16777217 16777217 16777217 16777217 16777217 16777217 16777217 16777217 16777217 16777217 16777217 16777217 16777217 16777217 16777217 16777217 16777217 16777217 16777217 16777217 16777217 16777217 16777217 16777217 16777217 16777217 16777217 16777217 16777217 16777217 16777217 16777217 16777217 16777217 16777217
16777219 16777217 16777217 16777217 16777217 16777217 16777217 16777217 16777217 16777217 16777217 16777217 16777217 16777217 16777217 16777217 16777217 16777217 16777217 16777217 16777217 16777217 16777217 16777217 16777217 16777217 16777217 16777217 16777217 16777217 16777217 16777217 16777217 16777217 16777217 16777217 16777217 16777217 16777217 16777217
16777219 16777217 16777217 16777217 16777217 16777217 16777217 16777217 16777217 16777217 16777217 16777217 16777217 16777217 16777217 16777217 16777217 16777217 16777217 16777217 16777217 16777217 16777217 16777217 16777217 16777217 16777217 16777217 16777217 16777217 16777217 16777217 16777217 16777217 16777217 16777217 16777217 16777217 16777217 16777217
16777219 16777217 16777217 16777217 16777217 16777217 16777217 16777217 16777217 16777217 16777217 16777217 16777217 16777217 16777217 16777217 16777217 16777217 16777217 16777217 16777217 16777217 16777217 16777217 16777217 16777217 16777217 16777217 16777217 16777217 16777217 16777217 16777217 16777217 16777217 16777217 16777217 16777217 16777217 16777217
16777219 16777217 16777217 16777217 16777217 16777217 16777217 16777217 16777217 16777217 16777217 16777217 16777217 16777217 16777217 16777217 16777217 16777217 16777217 16777217 16777217 16777217 16777217 16777217 16777217 16777217 16777217 16777217 16777217 16777217 16777217 16777217 16777217 16777217 16777217 16777217 16777217 16777217 16777217 16777217
16777219 16777217 16777217 16777217 16777217 16777217 16777217 16777217 16777217 16777217 16777217 16777217 16777217 16777217 16777217 16777217 16777217 16777217 16777217 16777217 16777217 16777217 16777217 16777217 16777217 16777217 16777217 16777217 16777217 16777217 16777217 16777217 16777217 16777217 16777217 16777217 16777217 16777217 16777217 16777217
16777219 16777217 16777217 16777217 16777217 16777217 16777217 16777217 16777217 16777217 16777217 16777217 16777217 16777217 16777217 16777217 16777217 16777217 16777217 16777217 16777217 16777217 16777217 16777217 16777217 16777217 16777217 16777217 16777217 16777217 16777217 16777217 16777217 16777217 16777217 16777217 16777217 16777217 16777217 16777217
16777219 16777217 16777217 16777217 16777217 16777217 16777217 16777217 16777217 16777217 16777217 16777217 16777217 16777217 16777217 16777217 16777217 16777217 16777217 16777217 16777217 16777217 16777217 16777217 16777217 16777217 16777217 16777217 16777217 16777217 16777217 16777217 16777217 16777217 16777217 16777217 16777217 16777217 16777217 16777217
16777219 16777217 16777217 16777217 16777217 16777217 16777217 16777217 16777217 16777217 16777217 16777217 16777217 16777217 16777217 16777217 16777217 16777217 16777217 16777217 16777217 16777217 16777217 16777217 16777217 16777217 16777217 16777217 16777217 16777217 16777217 16777217 16777217 16777217 16777217 16777217 16777217 16777217 16777217 16777217
16777219 16777217 16777217 16777217 16777217 16777217 16777217 16777217 16777217 16777217 16777217 16777217 16777217 16777217 16777217 16777217 16777217 16777217 16777217 16777217 16777217 16777217 16777217 16777217 16777217 16777217 16777217 16777217 16777217 16777217 16777217 16777217 16777217 16777217 16777217 16777217 16777217 16777217 16777217 16777217
16777219 16777217 16777217 16777217 16777217 16777217 16777217 16777217 16777217 16777217 16777217 16777217 16777217 16777217 16777217 16777217 16777217 16777217 16777217 16777217 16777217 16777217 16777217 16777217 16777217 16777217 16777217 16777217 16777217 16777217 16777217 16777217 16777217 16777217 16777217 16777217 16777217 16777217 16777217 16777217
16777219 16777217 16777217 16777217 16777217 16777217 16777217 16777217 16777217 16777217 16777217 16777217 16777217 16777217 16777217 16777217 16777217 16777217 16777217 16777217 16777217 16777217 16777217 16777217 16777217 16777217 16777217 16777217 16777217 16777217 16777217 16777217 16777217 16777217 16777217 16777217 16777217 16777217 16777217 16777217
16777219 16777217 16777217 16777217 16777217 16777217 16777217 16777217 16777217 16777217 16777217 16777217 16777217 16777217 16777217 16777217 16777217 16777217 16777217 16777217 16777217 16777217 16777217 16777217 16777217 16777217 16777217 16777217 16777217 16777217 16777217 16777217 16777217 16777217 16777217 16777217 16777217 16777217 16777217 16777217
