16777220 16777220 16777220 16777220 16777220 16777220 16777220 16777220 16777220 16777220 16777220 16777220 16777220 16777220 16777220 16777220 16777220 16777220 16777220 16777220 16777220 16777217 16777217 16777217 16777217 16777217 16777217 16777217 16777217 16777217 16777217 16777217 16777217 16777217 16777217 16777217 16777217 16777217 16777217 16777217
16777220 16777220 16777220 16777220 16777220 16777220 16777220 16777220 16777220 16777220 16777220 16777220 16777220 16777220 16777220 16777220 16777220 16777220 16777220 16777220 16777220 16777217 16777217 16777217 16777217 16777217 16777217 16777217 16777217 16777217 16777217 16777217 16777217 16777217 16777217 16777217 16777217 16777217 16777217 16777217
16777220 16777220 16777220 16777220 16777220 16777220 16777220 16777220 16777220 16777220 16777220 16777220 16777220 16777220 16777220 16777220 16777220 16777220 16777220 16777220 16777220 16777217 16777217 16777217 16777217 16777217 16777217 16777217 16777217 16777217 16777217 16777217 16777217 16777217 16777217 16777217 16777217 16777217 16777217 16777217
16777220 16777220 16777220 16777220 16777220 16777220 16777220 16777220 16777220 16777220 16777220 16777220 16777220 16777220 16777220 16777220 16777220 16777220 16777220 16777220 16777220 16777217 16777217 16777217 16777217 16777217 16777217 16777217 16777217 16777217 16777217 16777217 16777217 16777217 16777217 16777217 16777217 16777217 16777217 16777217
16777219 16777219 16777219 16777219 16777219 16777219 16777219 16777219 16777219 16777219 16777219 16777219 16777219 16777219 16777219 16777219 16777219 16777219 16777219 16777219 16777219 16777217 16777217 16777217 16777217 16777217 16777217 16777217 16777217 16777217 16777217 16777217 16777217 16777217 16777217 16777217 16777217 16777217 16777217 16777217
16777219 16777219 16777219 16777219 16777219 16777219 16777219 16777219 16777219 16777219 16777219 16777219 16777219 16777219 16777219 16777219 16777219 16777219 16777219 16777219 16777219 16777217 16777217 16777217 16777217 16777217 16777217 16777217 16777217 16777217 16777217 16777217 16777217 16777217 16777217 16777217 16777217 16777217 16777217 16777217
16777219 16777219 16777219 16777219 16777219 16777219 16777219 16777219 16777219 16777219 16777219 16777219 16777219 16777219 16777219 16777219 16777219 16777219 16777219 16777219 16777219 16777217 16777217 16777217 16777217 16777217 16777217 16777217 16777217 16777217 16777217 16777217 16777217 16777217 16777217 16777217 16777217 16777217 16777217 16777217
16777219 16777219 16777219 16777219 16777219 16777219 16777219 16777219 16777219 16777219 16777219 16777219 16777219 16777219 16777219 16777219 16777219 16777219 16777219 16777219 16777219 16777217 16777217 16777217 16777217 16777217 16777217 16777217 16777217 16777217 16777217 16777217 16777217 16777217 16777217 16777217 16777217 16777217 16777217 16777217
16777219 16777219 16777219 16777219 16777219 16777219 16777219 16777219 16777219 16777219 16777219 16777219 16777219 16777219 16777219 16777219 16777219 16777219 16777219 16777219 16777219 16777217 16777217 16777217 16777217 16777217 16777217 16777217 16777217 16777217 16777217 16777217 16777217 16777217 16777217 16777217 16777217 16777217 16777217 16777217
16777219 16777219 16777219 16777219 16777219 16777219 16777219 16777219 16777219 16777219 16777219 16777219 16777219 16777219 16777219 16777219 16777219 16777219 16777219 16777219 16777219 16777217 16777217 16777217 16777217 16777217 16777217 16777217 16777217 16777217 16777217 16777217 16777217 16777217 16777217 16777217 16777217 16777217 16777217 16777217
16777219 16777219 16777219 16777219 16777219 16777219 16777219 16777219 16777219 16777219 16777219 16777219 16777219 16777219 16777219 16777219 16777219 16777219 16777219 16777219 16777219 16777217 16777217 16777217 16777217 16777217 16777217 16777217 16777217 16777217 16777217 16777217 16777217 16777217 16777217 16777217 16777217 16777217 16777217 16777217
16777217 16777217 16777217 16777217 16777217 16777217 16777217 16777217 16777217 16777217 16777217 16777217 16777217 16777217 16777217 16777217 16777217 16777217 16777217 16777217 16777217 16777217 16777217 16777217 16777217 16777217 16777217 16777217 16777217 16777217 16777217 16777217 16777217 16777217 16777217 16777217 16777217 16777217 16777217 16777217
16777217 16777217 16777217 16777217 16777217 16777217 16777217 16777217 16777217 16777217 16777217 16777217 16777217 16777217 16777217 16777217 16777217 16777217 16777217 16777217 16777217 16777217 16777217 16777217 16777217 16777217 16777217 16777217 16777217 16777217 16777217 16777217 16777217 16777217 16777217 16777217 16777217 16777217 16777217 16777217
16777217 16777217 16777217 16777217 16777217 16777217 16777217 16777217 16777217 16777217 16777217 16777217 16777217 16777217 16777217 16777217 16777217 16777217 16777217 16777217 16777217 16777217 16777217 16777217 16777217 16777217 16777217 16777217 16777217 16777217 16777217 16777217 16777217 16777217 16777217 16777217 16777217 16777217 16777217 16777217
16777217 16777217 16777217 16777217 16777217 16777217 16777217 16777217 16777217 16777217 16777217 16777217 16777217 16777217 16777217 16777217 16777217 16777217 16777217 16777217 16777217 16777217 16777217 16777217 16777217 16777217 16777217 16777217 16777217 16777217 16777217 16777217 16777217 16777217 16777217 16777217 16777217 16777217 16777217 16777217
16777217 16777217 16777217 16777217 16777217 16777217 16777217 16777217 16777217 16777217 16777217 16777217 16777217 16777217 16777217 16777217 16777217 16777217 16777217 16777217 16777217 16777217 16777217 16777217 16777217 16777217 16777217 16777217 16777217 16777217 16777217 16777217 16777217 16777217 16777217 16777217 16777217 16777217 16777217 16777217
16777217 16777217 16777217 16777217 16777217 16777217 16777217 16777217 16777217 16777217 16777217 16777217 16777217 16777217 16777217 16777217 16777217 16777217 16777217 16777217 16777217 16777217 16777217 16777217 16777217 16777217 16777217 16777217 16777217 16777217 16777217 16777217 16777217 16777217 16777217 16777217 16777217 16777217 16777217 16777217
16777217 16777217 16777217 16777217 16777217 16777217 16777217 16777217 16777217 16777217 16777217 16777217 16777217 16777217 16777217 16777217 16777217 16777217 16777217 16777217 16777217 16777217 16777217 16777217 16777217 16777217 16777217 16777217 16777217 16777217 16777217 16777217 16777217 16777217 16777217 16777217 16777217 16777217 16777217 16777217
16777217 16777217 16777217 16777217 16777217 16777217 16777217 16777217 16777217 16777217 16777217 16777217 16777217 16777217 16777217 16777217 16777217 16777217 16777217 16777217 16777217 16777217 16777217 16777217 16777217 16777217 16777217 16777217 16777217 16777217 16777217 16777217 16777217 16777217 16777217 16777217 16777217 16777217 16777217 16777217
16777217 16777217 16777217 16777217 16777217 16777217 16777217 16777217 16777217 16777217 16777217 16777217 16777217 16777217 16777217 16777217 16777217 16777217 16777217 16777217 16777217 16777217 16777217 16777217 16777217 16777217 16777217 16777217 16777217 16777217 16777217 16777217 16777217 16777217 16777217 16777217 16777217 16777217 16777217 16777217
16777221 16777217 16777217 16777217 16777217 16777223 16777217 16777217 16777217 16777217 16777217 16777217 16777217 16777217 16777217 16777217 16777217 16777217 16777217 16777217 16777217 16777223 16777217 16777217 16777217 16777217 16777217 16777217 16777217 16777217 16777217 16777217 16777217 16777217 16777217 16777217 16777217 16777217 16777217 16777221
16777221 16777221 16777221 16777221 16777221 16777221 16777221 16777221 16777221 16777221 16777221 16777221 16777221 16777221 16777221 16777221 16777221 16777221 16777221 16777221 16777221 16777221 16777221 16777221 16777221 16777221 16777221 16777221 16777221 16777221 16777221 16777221 16777221 16777221 16777221 16777221 16777221 16777221 16777221 16777221
16777221 16777221 16777221 16777221 16777221 16777221 16777221 16777221 16777221 16777221 16777221 16777221 16777221 16777221 16777221 16777221 16777221 16777221 16777221 16777221 16777221 16777221 16777221 16777221 16777221 16777221 16777221 16777221 16777221 16777221 16777221 16777221 16777221 16777221 16777221 16777221 16777221 16777221 16777221 16777221
16777221 16777221 16777221 16777221 16777221 16777221 16777221 16777221 16777221 16777221 16777221 16777221 16777221 16777221 16777221 16777221 16777221 16777221 16777221 16777221 16777221 16777221 16777221 16777221 16777221 16777221 16777221 16777221 16777221 16777221 16777221 16777221 16777221 16777221 16777221 16777221 16777221 16777221 16777221 16777221
16777221 16777221 16777221 16777221 16777221 16777221 16777221 16777221 16777221 16777221 16777221 16777221 16777221 16777221 16777221 16777221 16777221 16777221 16777221 16777221 16777221 16777221 16777221 16777221 16777221 16777221 16777221 16777221 16777221 16777221 16777221 16777221 16777221 16777221 16777221 16777221 16777221 16777221 16777221 16777221
16777221 16777221 16777221 16777221 16777221 16777221 16777221 16777221 16777221 16777221 16777221 16777221 16777221 16777221 16777221 16777221 16777221 16777221 16777221 16777221 16777221 16777221 16777221 16777221 16777221 16777221 16777221 16777221 16777221 16777221 16777221 16777221 16777221 16777221 16777221 16777221 16777221 16777221 16777221 16777221
16777221 16777221 16777221 16777221 16777221 16777221 16777221 16777221 16777221 16777221 16777221 16777221 16777221 16777221 16777221 16777221 16777221 16777221 16777221 16777221 16777221 16777221 16777221 16777221 16777221 16777221 16777221 16777221 16777221 16777221 16777221 16777221 16777221 16777221 16777221 16777221 16777221 16777221 16777221 16777221
16777221 16777221 16777221 16777221 16777221 16777221 16777221 16777221 16777221 16777221 16777221 16777221 16777221 16777221 16777221 16777221 16777221 16777221 16777221 16777221 16777221 16777221 16777221 16777221 16777221 16777221 16777221 16777221 16777221 16777221 16777221 16777221 16777221 16777221 16777221 16777221 16777221 16777221 16777221 16777221
16777221 16777221 16777221 16777221 16777221 16777221 16777221 16777221 16777221 16777221 16777221 16777221 16777221 16777221 16777221 16777221 16777221 16777221 16777221 16777221 16777221 16777221 16777221 16777221 16777221 16777221 16777221 16777221 16777221 16777221 16777221 16777221 16777221 16777221 16777221 16777221 16777221 16777221 16777221 16777221
16777221 16777221 16777221 16777221 16777221 16777221 16777221 16777221 16777221 16777221 16777221 16777221 16777221 16777221 16777221 16777221 16777221 16777221 16777221 16777221 16777221 16777221 16777221 16777221 16777221 16777221 16777221 16777221 16777221 16777221 16777221 16777221 16777221 16777221 16777221 16777221 16777221 16777221 16777221 16777221
